       Time_s           01           02           03           04           05
   0.0000E+00   2.7580E+02   4.0000E+02   4.3212E+02   7.8305E-03   5.2011E+00
   1.0000E-15   2.7580E+02   4.0000E+02   5.6242E+04   4.3424E-03   2.8843E+00
   2.0000E-15   3.7037E+02   4.0000E+02   6.4995E+04   5.1138E-03   4.5612E+00
   3.0000E-15   3.9550E+02   4.0000E+02   6.7137E+04   5.3079E-03   5.0556E+00
   4.0000E-15   4.0115E+02   4.0000E+02   6.7608E+04   5.3506E-03   5.1691E+00
   5.0000E-15   4.0239E+02   4.0000E+02   6.7710E+04   5.3599E-03   5.1941E+00
   6.0000E-15   4.0266E+02   4.0000E+02   6.7733E+04   5.3619E-03   5.1996E+00
   7.0000E-15   4.0266E+02   4.0000E+02   6.7733E+04   5.3619E-03   5.1996E+00
   8.0000E-15   4.0266E+02   4.0000E+02   6.7733E+04   5.3619E-03   5.1996E+00
   9.0000E-15   4.0266E+02   4.0000E+02   6.7733E+04   5.3619E-03   5.1996E+00
   1.0000E-14   4.0266E+02   4.0000E+02   6.7733E+04   5.3619E-03   5.1996E+00
   1.1000E-14   4.0266E+02   4.0000E+02   6.7733E+04   5.3619E-03   5.1996E+00
   1.2000E-14   4.0266E+02   4.0000E+02   6.7733E+04   5.3619E-03   5.1996E+00
   1.3000E-14   4.0266E+02   4.0000E+02   6.7733E+04   5.3619E-03   5.1996E+00
   1.4000E-14   4.0266E+02   4.0000E+02   6.7733E+04   5.3620E-03   5.1996E+00
   1.5000E-14   4.0266E+02   4.0000E+02   6.7733E+04   5.3620E-03   5.1996E+00
   1.6000E-14   4.0266E+02   4.0000E+02   6.7733E+04   5.3620E-03   5.1996E+00
   1.7000E-14   4.0266E+02   4.0000E+02   6.7733E+04   5.3620E-03   5.1996E+00
   1.8000E-14   4.0266E+02   4.0000E+02   6.7733E+04   5.3620E-03   5.1996E+00
   1.9000E-14   4.0266E+02   4.0000E+02   6.7733E+04   5.3620E-03   5.1996E+00
   2.0000E-14   4.0266E+02   4.0000E+02   6.7733E+04   5.3620E-03   5.1996E+00
   2.1000E-14   4.0266E+02   4.0000E+02   6.7733E+04   5.3620E-03   5.1996E+00
   2.2000E-14   4.0266E+02   4.0000E+02   6.7733E+04   5.3620E-03   5.1996E+00
   2.3000E-14   4.0266E+02   4.0000E+02   6.7733E+04   5.3620E-03   5.1996E+00
   2.4000E-14   4.0266E+02   4.0000E+02   6.7733E+04   5.3620E-03   5.1996E+00
   2.5000E-14   4.0266E+02   4.0000E+02   6.7733E+04   5.3620E-03   5.1996E+00
   2.6000E-14   4.0266E+02   4.0000E+02   6.7733E+04   5.3620E-03   5.1996E+00
   2.7000E-14   4.0266E+02   4.0000E+02   6.7733E+04   5.3620E-03   5.1996E+00
   2.8000E-14   4.0266E+02   4.0000E+02   6.7733E+04   5.3620E-03   5.1997E+00
   2.9000E-14   4.0266E+02   4.0000E+02   6.7733E+04   5.3620E-03   5.1997E+00
   3.0000E-14   4.0266E+02   4.0000E+02   6.7733E+04   5.3620E-03   5.1997E+00
   3.1000E-14   4.0266E+02   4.0000E+02   6.7733E+04   5.3620E-03   5.1997E+00
   3.2000E-14   4.0266E+02   4.0000E+02   6.7733E+04   5.3620E-03   5.1997E+00
   3.3000E-14   4.0266E+02   4.0000E+02   6.7733E+04   5.3620E-03   5.1997E+00
   3.4000E-14   4.0266E+02   4.0000E+02   6.7733E+04   5.3620E-03   5.1997E+00
   3.5000E-14   4.0266E+02   4.0000E+02   6.7733E+04   5.3620E-03   5.1997E+00
   3.6000E-14   4.0266E+02   4.0000E+02   6.7733E+04   5.3620E-03   5.1997E+00
   3.7000E-14   4.0266E+02   4.0000E+02   6.7733E+04   5.3620E-03   5.1997E+00
   3.8000E-14   4.0266E+02   4.0000E+02   6.7733E+04   5.3620E-03   5.1997E+00
   3.9000E-14   4.0266E+02   4.0000E+02   6.7733E+04   5.3620E-03   5.1997E+00
   4.0000E-14   4.0266E+02   4.0000E+02   6.7733E+04   5.3620E-03   5.1997E+00
   4.1000E-14   4.0266E+02   4.0000E+02   6.7733E+04   5.3620E-03   5.1997E+00
   4.2000E-14   4.0266E+02   4.0000E+02   6.7733E+04   5.3620E-03   5.1997E+00
   4.3000E-14   4.0266E+02   4.0000E+02   6.7733E+04   5.3620E-03   5.1997E+00
   4.4000E-14   4.0266E+02   4.0000E+02   6.7733E+04   5.3620E-03   5.1997E+00
   4.5000E-14   4.0266E+02   4.0000E+02   6.7733E+04   5.3620E-03   5.1997E+00
   4.6000E-14   4.0266E+02   4.0000E+02   6.7733E+04   5.3620E-03   5.1997E+00
   4.7000E-14   4.0266E+02   4.0000E+02   6.7733E+04   5.3620E-03   5.1997E+00
   4.8000E-14   4.0266E+02   4.0000E+02   6.7733E+04   5.3620E-03   5.1997E+00
   4.9000E-14   4.0266E+02   4.0000E+02   6.7733E+04   5.3620E-03   5.1997E+00
   5.0000E-14   4.0266E+02   4.0000E+02   6.7733E+04   5.3620E-03   5.1997E+00
   5.1000E-14   4.0266E+02   4.0000E+02   6.7733E+04   5.3620E-03   5.1997E+00
   5.2000E-14   4.0266E+02   4.0000E+02   6.7733E+04   5.3620E-03   5.1997E+00
   5.3000E-14   4.0266E+02   4.0000E+02   6.7733E+04   5.3620E-03   5.1997E+00
   5.4000E-14   4.0266E+02   4.0000E+02   6.7733E+04   5.3620E-03   5.1997E+00
   5.5000E-14   4.0266E+02   4.0000E+02   6.7733E+04   5.3620E-03   5.1997E+00
   5.6000E-14   4.0266E+02   4.0000E+02   6.7733E+04   5.3620E-03   5.1997E+00
   5.7000E-14   4.0266E+02   4.0000E+02   6.7733E+04   5.3621E-03   5.1997E+00
   5.8000E-14   4.0266E+02   4.0000E+02   6.7733E+04   5.3621E-03   5.1997E+00
   5.9000E-14   4.0266E+02   4.0000E+02   6.7733E+04   5.3621E-03   5.1997E+00
   6.0000E-14   4.0266E+02   4.0000E+02   6.7733E+04   5.3621E-03   5.1997E+00
   6.1000E-14   4.0266E+02   4.0000E+02   6.7733E+04   5.3621E-03   5.1997E+00
   6.2000E-14   4.0266E+02   4.0000E+02   6.7733E+04   5.3621E-03   5.1997E+00
   6.3000E-14   4.0266E+02   4.0000E+02   6.7733E+04   5.3621E-03   5.1997E+00
   6.4000E-14   4.0266E+02   4.0000E+02   6.7733E+04   5.3621E-03   5.1997E+00
   6.5000E-14   4.0266E+02   4.0000E+02   6.7733E+04   5.3621E-03   5.1997E+00
   6.6000E-14   4.0266E+02   4.0000E+02   6.7733E+04   5.3621E-03   5.1997E+00
   6.7000E-14   4.0266E+02   4.0000E+02   6.7733E+04   5.3621E-03   5.1997E+00
   6.8000E-14   4.0266E+02   4.0000E+02   6.7733E+04   5.3621E-03   5.1997E+00
   6.9000E-14   4.0266E+02   4.0000E+02   6.7733E+04   5.3621E-03   5.1997E+00
   7.0000E-14   4.0266E+02   4.0000E+02   6.7733E+04   5.3621E-03   5.1997E+00
   7.1000E-14   4.0266E+02   4.0000E+02   6.7733E+04   5.3621E-03   5.1997E+00
   7.2000E-14   4.0266E+02   4.0000E+02   6.7733E+04   5.3621E-03   5.1997E+00
   7.3000E-14   4.0266E+02   4.0000E+02   6.7733E+04   5.3621E-03   5.1998E+00
   7.4000E-14   4.0266E+02   4.0000E+02   6.7733E+04   5.3621E-03   5.1998E+00
   7.5000E-14   4.0266E+02   4.0000E+02   6.7733E+04   5.3621E-03   5.1998E+00
   7.6000E-14   4.0266E+02   4.0000E+02   6.7733E+04   5.3621E-03   5.1998E+00
   7.7000E-14   4.0266E+02   4.0000E+02   6.7733E+04   5.3621E-03   5.1998E+00
   7.8000E-14   4.0266E+02   4.0000E+02   6.7733E+04   5.3621E-03   5.1998E+00
   7.9000E-14   4.0266E+02   4.0000E+02   6.7733E+04   5.3621E-03   5.1998E+00
   8.0000E-14   4.0266E+02   4.0000E+02   6.7733E+04   5.3621E-03   5.1998E+00
   8.1000E-14   4.0266E+02   4.0000E+02   6.7733E+04   5.3621E-03   5.1998E+00
   8.2000E-14   4.0266E+02   4.0000E+02   6.7733E+04   5.3621E-03   5.1998E+00
   8.3000E-14   4.0266E+02   4.0000E+02   6.7733E+04   5.3621E-03   5.1998E+00
   8.4000E-14   4.0266E+02   4.0000E+02   6.7733E+04   5.3621E-03   5.1998E+00
   8.5000E-14   4.0266E+02   4.0000E+02   6.7733E+04   5.3621E-03   5.1998E+00
   8.6000E-14   4.0266E+02   4.0000E+02   6.7733E+04   5.3621E-03   5.1998E+00
   8.7000E-14   4.0266E+02   4.0000E+02   6.7733E+04   5.3621E-03   5.1998E+00
   8.8000E-14   4.0266E+02   4.0000E+02   6.7733E+04   5.3621E-03   5.1998E+00
   8.9000E-14   4.0266E+02   4.0000E+02   6.7733E+04   5.3621E-03   5.1998E+00
   9.0000E-14   4.0266E+02   4.0000E+02   6.7733E+04   5.3621E-03   5.1998E+00
   9.1000E-14   4.0266E+02   4.0000E+02   6.7733E+04   5.3621E-03   5.1998E+00
   9.2000E-14   4.0266E+02   4.0000E+02   6.7733E+04   5.3621E-03   5.1998E+00
   9.3000E-14   4.0266E+02   4.0000E+02   6.7733E+04   5.3621E-03   5.1998E+00
   9.4000E-14   4.0266E+02   4.0000E+02   6.7733E+04   5.3621E-03   5.1998E+00
   9.5000E-14   4.0266E+02   4.0000E+02   6.7733E+04   5.3621E-03   5.1998E+00
   9.6000E-14   4.0266E+02   4.0000E+02   6.7733E+04   5.3621E-03   5.1998E+00
   9.7000E-14   4.0266E+02   4.0000E+02   6.7733E+04   5.3621E-03   5.1998E+00
   9.8000E-14   4.0266E+02   4.0000E+02   6.7733E+04   5.3621E-03   5.1998E+00
   9.9000E-14   4.0266E+02   4.0000E+02   6.7733E+04   5.3621E-03   5.1998E+00
   1.0000E-13   4.0266E+02   4.0000E+02   6.7733E+04   5.3621E-03   5.1998E+00
   1.0100E-13   4.0266E+02   4.0000E+02   6.7733E+04   5.3622E-03   5.1998E+00
   1.0300E-13   4.0266E+02   4.0000E+02   6.7733E+04   5.3622E-03   5.1998E+00
   1.0500E-13   4.0266E+02   4.0000E+02   6.7733E+04   5.3622E-03   5.1998E+00
   1.0700E-13   4.0266E+02   4.0000E+02   6.7733E+04   5.3622E-03   5.1998E+00
   1.0900E-13   4.0266E+02   4.0000E+02   6.7733E+04   5.3622E-03   5.1998E+00
   1.1100E-13   4.0266E+02   4.0000E+02   6.7733E+04   5.3622E-03   5.1998E+00
   1.1300E-13   4.0266E+02   4.0000E+02   6.7733E+04   5.3622E-03   5.1998E+00
   1.1500E-13   4.0266E+02   4.0000E+02   6.7733E+04   5.3622E-03   5.1998E+00
   1.1700E-13   4.0266E+02   4.0000E+02   6.7733E+04   5.3622E-03   5.1998E+00
   1.1900E-13   4.0266E+02   4.0000E+02   6.7733E+04   5.3622E-03   5.1999E+00
   1.2100E-13   4.0266E+02   4.0000E+02   6.7733E+04   5.3622E-03   5.1999E+00
   1.2300E-13   4.0266E+02   4.0000E+02   6.7733E+04   5.3622E-03   5.1999E+00
   1.2500E-13   4.0266E+02   4.0000E+02   6.7733E+04   5.3622E-03   5.1999E+00
   1.2700E-13   4.0266E+02   4.0000E+02   6.7733E+04   5.3622E-03   5.1999E+00
   1.2900E-13   4.0266E+02   4.0000E+02   6.7733E+04   5.3622E-03   5.1999E+00
   1.3100E-13   4.0266E+02   4.0000E+02   6.7733E+04   5.3622E-03   5.1999E+00
   1.3300E-13   4.0266E+02   4.0000E+02   6.7733E+04   5.3622E-03   5.1999E+00
   1.3500E-13   4.0266E+02   4.0000E+02   6.7733E+04   5.3622E-03   5.1999E+00
   1.3700E-13   4.0266E+02   4.0000E+02   6.7733E+04   5.3622E-03   5.1999E+00
   1.3900E-13   4.0266E+02   4.0000E+02   6.7733E+04   5.3622E-03   5.1999E+00
   1.4100E-13   4.0266E+02   4.0000E+02   6.7733E+04   5.3622E-03   5.1999E+00
   1.4300E-13   4.0266E+02   4.0000E+02   6.7733E+04   5.3622E-03   5.1999E+00
   1.4500E-13   4.0266E+02   4.0000E+02   6.7733E+04   5.3623E-03   5.1999E+00
   1.4700E-13   4.0266E+02   4.0000E+02   6.7733E+04   5.3623E-03   5.1999E+00
   1.4900E-13   4.0266E+02   4.0000E+02   6.7733E+04   5.3623E-03   5.1999E+00
   1.5100E-13   4.0266E+02   4.0000E+02   6.7733E+04   5.3623E-03   5.1999E+00
   1.5300E-13   4.0266E+02   4.0000E+02   6.7733E+04   5.3623E-03   5.1999E+00
   1.5500E-13   4.0266E+02   4.0000E+02   6.7733E+04   5.3623E-03   5.1999E+00
   1.5700E-13   4.0266E+02   4.0000E+02   6.7733E+04   5.3623E-03   5.1999E+00
   1.5900E-13   4.0266E+02   4.0000E+02   6.7733E+04   5.3623E-03   5.1999E+00
   1.6100E-13   4.0266E+02   4.0000E+02   6.7733E+04   5.3623E-03   5.1999E+00
   1.6300E-13   4.0266E+02   4.0000E+02   6.7733E+04   5.3623E-03   5.2000E+00
   1.6500E-13   4.0266E+02   4.0000E+02   6.7733E+04   5.3623E-03   5.2000E+00
   1.6700E-13   4.0266E+02   4.0000E+02   6.7733E+04   5.3623E-03   5.2000E+00
   1.6900E-13   4.0266E+02   4.0000E+02   6.7733E+04   5.3623E-03   5.2000E+00
   1.7100E-13   4.0266E+02   4.0000E+02   6.7733E+04   5.3623E-03   5.2000E+00
   1.7300E-13   4.0266E+02   4.0000E+02   6.7733E+04   5.3623E-03   5.2000E+00
   1.7500E-13   4.0266E+02   4.0000E+02   6.7733E+04   5.3623E-03   5.2000E+00
   1.7700E-13   4.0266E+02   4.0000E+02   6.7733E+04   5.3623E-03   5.2000E+00
   1.7900E-13   4.0266E+02   4.0000E+02   6.7733E+04   5.3623E-03   5.2000E+00
   1.8100E-13   4.0266E+02   4.0000E+02   6.7733E+04   5.3623E-03   5.2000E+00
   1.8300E-13   4.0266E+02   4.0000E+02   6.7733E+04   5.3623E-03   5.2000E+00
   1.8500E-13   4.0266E+02   4.0000E+02   6.7733E+04   5.3623E-03   5.2000E+00
   1.8700E-13   4.0266E+02   4.0000E+02   6.7733E+04   5.3623E-03   5.2000E+00
   1.8900E-13   4.0266E+02   4.0000E+02   6.7733E+04   5.3624E-03   5.2000E+00
   1.9100E-13   4.0266E+02   4.0000E+02   6.7733E+04   5.3624E-03   5.2000E+00
   1.9300E-13   4.0266E+02   4.0000E+02   6.7733E+04   5.3624E-03   5.2000E+00
   1.9500E-13   4.0266E+02   4.0000E+02   6.7733E+04   5.3624E-03   5.2000E+00
   1.9700E-13   4.0266E+02   4.0000E+02   6.7733E+04   5.3624E-03   5.2000E+00
   1.9900E-13   4.0266E+02   4.0000E+02   6.7733E+04   5.3624E-03   5.2000E+00
   2.0100E-13   4.0266E+02   4.0000E+02   6.7733E+04   5.3624E-03   5.2000E+00
   2.0400E-13   4.0266E+02   4.0000E+02   6.7733E+04   5.3624E-03   5.2000E+00
   2.0700E-13   4.0266E+02   4.0000E+02   6.7733E+04   5.3624E-03   5.2000E+00
   2.1000E-13   4.0266E+02   4.0000E+02   6.7733E+04   5.3624E-03   5.2001E+00
   2.1300E-13   4.0266E+02   4.0000E+02   6.7733E+04   5.3624E-03   5.2001E+00
   2.1600E-13   4.0266E+02   4.0000E+02   6.7733E+04   5.3624E-03   5.2001E+00
   2.1900E-13   4.0266E+02   4.0000E+02   6.7733E+04   5.3624E-03   5.2001E+00
   2.2200E-13   4.0266E+02   4.0000E+02   6.7733E+04   5.3624E-03   5.2001E+00
   2.2500E-13   4.0266E+02   4.0000E+02   6.7733E+04   5.3624E-03   5.2001E+00
   2.2800E-13   4.0266E+02   4.0000E+02   6.7733E+04   5.3624E-03   5.2001E+00
   2.3100E-13   4.0266E+02   4.0000E+02   6.7733E+04   5.3625E-03   5.2001E+00
   2.3400E-13   4.0266E+02   4.0000E+02   6.7733E+04   5.3625E-03   5.2001E+00
   2.3700E-13   4.0266E+02   4.0000E+02   6.7733E+04   5.3625E-03   5.2001E+00
   2.4000E-13   4.0266E+02   4.0000E+02   6.7733E+04   5.3625E-03   5.2001E+00
   2.4300E-13   4.0266E+02   4.0000E+02   6.7733E+04   5.3625E-03   5.2001E+00
   2.4600E-13   4.0266E+02   4.0000E+02   6.7733E+04   5.3625E-03   5.2001E+00
   2.4900E-13   4.0266E+02   4.0000E+02   6.7733E+04   5.3625E-03   5.2001E+00
   2.5200E-13   4.0266E+02   4.0000E+02   6.7733E+04   5.3625E-03   5.2002E+00
   2.5500E-13   4.0266E+02   4.0000E+02   6.7733E+04   5.3625E-03   5.2002E+00
   2.5800E-13   4.0266E+02   4.0000E+02   6.7733E+04   5.3625E-03   5.2002E+00
   2.6100E-13   4.0266E+02   4.0000E+02   6.7733E+04   5.3625E-03   5.2002E+00
   2.6400E-13   4.0266E+02   4.0000E+02   6.7733E+04   5.3625E-03   5.2002E+00
   2.6700E-13   4.0266E+02   4.0000E+02   6.7733E+04   5.3625E-03   5.2002E+00
   2.7000E-13   4.0266E+02   4.0000E+02   6.7733E+04   5.3625E-03   5.2002E+00
   2.7300E-13   4.0266E+02   4.0000E+02   6.7733E+04   5.3625E-03   5.2002E+00
   2.7600E-13   4.0266E+02   4.0000E+02   6.7733E+04   5.3626E-03   5.2002E+00
   2.7900E-13   4.0266E+02   4.0000E+02   6.7733E+04   5.3626E-03   5.2002E+00
   2.8200E-13   4.0266E+02   4.0000E+02   6.7733E+04   5.3626E-03   5.2002E+00
   2.8500E-13   4.0266E+02   4.0000E+02   6.7733E+04   5.3626E-03   5.2002E+00
   2.8800E-13   4.0266E+02   4.0000E+02   6.7733E+04   5.3626E-03   5.2002E+00
   2.9100E-13   4.0266E+02   4.0000E+02   6.7733E+04   5.3626E-03   5.2002E+00
   2.9400E-13   4.0266E+02   4.0000E+02   6.7733E+04   5.3626E-03   5.2002E+00
   2.9700E-13   4.0266E+02   4.0000E+02   6.7733E+04   5.3626E-03   5.2003E+00
   3.0000E-13   4.0266E+02   4.0000E+02   6.7733E+04   5.3626E-03   5.2003E+00
   3.0400E-13   4.0266E+02   4.0000E+02   6.7733E+04   5.3626E-03   5.2003E+00
   3.0800E-13   4.0266E+02   4.0000E+02   6.7733E+04   5.3626E-03   5.2003E+00
   3.1200E-13   4.0266E+02   4.0000E+02   6.7733E+04   5.3626E-03   5.2003E+00
   3.1600E-13   4.0266E+02   4.0000E+02   6.7733E+04   5.3626E-03   5.2003E+00
   3.2000E-13   4.0266E+02   4.0000E+02   6.7733E+04   5.3627E-03   5.2003E+00
   3.2400E-13   4.0266E+02   4.0000E+02   6.7733E+04   5.3627E-03   5.2003E+00
   3.2800E-13   4.0266E+02   4.0000E+02   6.7733E+04   5.3627E-03   5.2003E+00
   3.3200E-13   4.0266E+02   4.0000E+02   6.7733E+04   5.3627E-03   5.2003E+00
   3.3600E-13   4.0266E+02   4.0000E+02   6.7733E+04   5.3627E-03   5.2003E+00
   3.4000E-13   4.0266E+02   4.0000E+02   6.7733E+04   5.3627E-03   5.2003E+00
   3.4400E-13   4.0266E+02   4.0000E+02   6.7733E+04   5.3627E-03   5.2004E+00
   3.4800E-13   4.0266E+02   4.0000E+02   6.7733E+04   5.3627E-03   5.2004E+00
   3.5200E-13   4.0266E+02   4.0000E+02   6.7733E+04   5.3627E-03   5.2004E+00
   3.5600E-13   4.0266E+02   4.0000E+02   6.7733E+04   5.3627E-03   5.2004E+00
   3.6000E-13   4.0266E+02   4.0000E+02   6.7733E+04   5.3627E-03   5.2004E+00
   3.6400E-13   4.0266E+02   4.0000E+02   6.7733E+04   5.3628E-03   5.2004E+00
   3.6800E-13   4.0266E+02   4.0000E+02   6.7733E+04   5.3628E-03   5.2004E+00
   3.7200E-13   4.0266E+02   4.0000E+02   6.7733E+04   5.3628E-03   5.2004E+00
   3.7600E-13   4.0266E+02   4.0000E+02   6.7733E+04   5.3628E-03   5.2004E+00
   3.8000E-13   4.0266E+02   4.0000E+02   6.7733E+04   5.3628E-03   5.2004E+00
   3.8400E-13   4.0266E+02   4.0000E+02   6.7733E+04   5.3628E-03   5.2004E+00
   3.8800E-13   4.0266E+02   4.0000E+02   6.7733E+04   5.3628E-03   5.2005E+00
   3.9200E-13   4.0266E+02   4.0000E+02   6.7733E+04   5.3628E-03   5.2005E+00
   3.9600E-13   4.0266E+02   4.0000E+02   6.7733E+04   5.3628E-03   5.2005E+00
   4.0000E-13   4.0266E+02   4.0000E+02   6.7733E+04   5.3628E-03   5.2005E+00
   4.0500E-13   4.0266E+02   4.0000E+02   6.7733E+04   5.3629E-03   5.2005E+00
   4.1000E-13   4.0266E+02   4.0000E+02   6.7733E+04   5.3629E-03   5.2005E+00
   4.1500E-13   4.0266E+02   4.0000E+02   6.7733E+04   5.3629E-03   5.2005E+00
   4.2000E-13   4.0266E+02   4.0000E+02   6.7733E+04   5.3629E-03   5.2005E+00
   4.2500E-13   4.0266E+02   4.0000E+02   6.7733E+04   5.3629E-03   5.2005E+00
   4.3000E-13   4.0266E+02   4.0000E+02   6.7733E+04   5.3629E-03   5.2005E+00
   4.3500E-13   4.0266E+02   4.0000E+02   6.7733E+04   5.3629E-03   5.2006E+00
   4.4000E-13   4.0266E+02   4.0000E+02   6.7733E+04   5.3629E-03   5.2006E+00
   4.4500E-13   4.0266E+02   4.0000E+02   6.7733E+04   5.3629E-03   5.2006E+00
   4.5000E-13   4.0266E+02   4.0000E+02   6.7733E+04   5.3630E-03   5.2006E+00
   4.5500E-13   4.0266E+02   4.0000E+02   6.7733E+04   5.3630E-03   5.2006E+00
   4.6000E-13   4.0266E+02   4.0000E+02   6.7733E+04   5.3630E-03   5.2006E+00
   4.6500E-13   4.0266E+02   4.0000E+02   6.7733E+04   5.3630E-03   5.2006E+00
   4.7000E-13   4.0266E+02   4.0000E+02   6.7733E+04   5.3630E-03   5.2006E+00
   4.7500E-13   4.0266E+02   4.0000E+02   6.7733E+04   5.3630E-03   5.2006E+00
   4.8000E-13   4.0266E+02   4.0000E+02   6.7733E+04   5.3630E-03   5.2007E+00
   4.8500E-13   4.0266E+02   4.0000E+02   6.7733E+04   5.3630E-03   5.2007E+00
   4.9000E-13   4.0266E+02   4.0000E+02   6.7733E+04   5.3630E-03   5.2007E+00
   4.9500E-13   4.0266E+02   4.0000E+02   6.7733E+04   5.3631E-03   5.2007E+00
   5.0000E-13   4.0266E+02   4.0000E+02   6.7733E+04   5.3631E-03   5.2007E+00
   5.0600E-13   4.0266E+02   4.0000E+02   6.7733E+04   5.3631E-03   5.2007E+00
   5.1200E-13   4.0266E+02   4.0000E+02   6.7733E+04   5.3631E-03   5.2007E+00
   5.1800E-13   4.0266E+02   4.0000E+02   6.7733E+04   5.3631E-03   5.2007E+00
   5.2400E-13   4.0266E+02   4.0000E+02   6.7733E+04   5.3631E-03   5.2008E+00
   5.3000E-13   4.0266E+02   4.0000E+02   6.7733E+04   5.3631E-03   5.2008E+00
   5.3600E-13   4.0266E+02   4.0000E+02   6.7733E+04   5.3632E-03   5.2008E+00
   5.4200E-13   4.0266E+02   4.0000E+02   6.7733E+04   5.3632E-03   5.2008E+00
   5.4800E-13   4.0266E+02   4.0000E+02   6.7733E+04   5.3632E-03   5.2008E+00
   5.5400E-13   4.0266E+02   4.0000E+02   6.7733E+04   5.3632E-03   5.2008E+00
   5.6000E-13   4.0266E+02   4.0000E+02   6.7733E+04   5.3632E-03   5.2008E+00
   5.6600E-13   4.0266E+02   4.0000E+02   6.7733E+04   5.3632E-03   5.2009E+00
   5.7200E-13   4.0266E+02   4.0000E+02   6.7733E+04   5.3632E-03   5.2009E+00
   5.7800E-13   4.0266E+02   4.0000E+02   6.7733E+04   5.3632E-03   5.2009E+00
   5.8400E-13   4.0266E+02   4.0000E+02   6.7733E+04   5.3633E-03   5.2009E+00
   5.9000E-13   4.0266E+02   4.0000E+02   6.7733E+04   5.3633E-03   5.2009E+00
   5.9600E-13   4.0266E+02   4.0000E+02   6.7733E+04   5.3633E-03   5.2009E+00
   6.0200E-13   4.0266E+02   4.0000E+02   6.7733E+04   5.3633E-03   5.2009E+00
   6.0900E-13   4.0266E+02   4.0000E+02   6.7733E+04   5.3633E-03   5.2009E+00
   6.1600E-13   4.0266E+02   4.0000E+02   6.7733E+04   5.3633E-03   5.2010E+00
   6.2300E-13   4.0266E+02   4.0000E+02   6.7733E+04   5.3634E-03   5.2010E+00
   6.3000E-13   4.0266E+02   4.0000E+02   6.7733E+04   5.3634E-03   5.2010E+00
   6.3700E-13   4.0266E+02   4.0000E+02   6.7733E+04   5.3634E-03   5.2010E+00
   6.4400E-13   4.0266E+02   4.0000E+02   6.7733E+04   5.3634E-03   5.2010E+00
   6.5100E-13   4.0266E+02   4.0000E+02   6.7733E+04   5.3634E-03   5.2010E+00
   6.5800E-13   4.0266E+02   4.0000E+02   6.7733E+04   5.3634E-03   5.2011E+00
   6.6500E-13   4.0266E+02   4.0000E+02   6.7733E+04   5.3634E-03   5.2011E+00
   6.7200E-13   4.0266E+02   4.0000E+02   6.7733E+04   5.3635E-03   5.2011E+00
   6.7900E-13   4.0266E+02   4.0000E+02   6.7733E+04   5.3635E-03   5.2011E+00
   6.8600E-13   4.0266E+02   4.0000E+02   6.7733E+04   5.3635E-03   5.2011E+00
   6.9300E-13   4.0266E+02   4.0000E+02   6.7733E+04   5.3635E-03   5.2011E+00
   7.0000E-13   4.0266E+02   4.0000E+02   6.7733E+04   5.3635E-03   5.2011E+00
   7.0800E-13   4.0266E+02   4.0000E+02   6.7733E+04   5.3635E-03   5.2012E+00
   7.1600E-13   4.0266E+02   4.0000E+02   6.7733E+04   5.3636E-03   5.2012E+00
   7.2400E-13   4.0266E+02   4.0000E+02   6.7733E+04   5.3636E-03   5.2012E+00
   7.3200E-13   4.0266E+02   4.0000E+02   6.7733E+04   5.3636E-03   5.2012E+00
   7.4000E-13   4.0266E+02   4.0000E+02   6.7733E+04   5.3636E-03   5.2012E+00
   7.4800E-13   4.0266E+02   4.0000E+02   6.7733E+04   5.3636E-03   5.2013E+00
   7.5600E-13   4.0266E+02   4.0000E+02   6.7733E+04   5.3637E-03   5.2013E+00
   7.6400E-13   4.0266E+02   4.0000E+02   6.7733E+04   5.3637E-03   5.2013E+00
   7.7200E-13   4.0266E+02   4.0000E+02   6.7733E+04   5.3637E-03   5.2013E+00
   7.8000E-13   4.0266E+02   4.0000E+02   6.7733E+04   5.3637E-03   5.2013E+00
   7.8800E-13   4.0266E+02   4.0000E+02   6.7733E+04   5.3637E-03   5.2013E+00
   7.9600E-13   4.0266E+02   4.0000E+02   6.7733E+04   5.3637E-03   5.2014E+00
   8.0400E-13   4.0266E+02   4.0000E+02   6.7733E+04   5.3638E-03   5.2014E+00
   8.1300E-13   4.0266E+02   4.0000E+02   6.7733E+04   5.3638E-03   5.2014E+00
   8.2200E-13   4.0266E+02   4.0000E+02   6.7733E+04   5.3638E-03   5.2014E+00
   8.3100E-13   4.0266E+02   4.0000E+02   6.7733E+04   5.3638E-03   5.2014E+00
   8.4000E-13   4.0266E+02   4.0000E+02   6.7733E+04   5.3639E-03   5.2015E+00
   8.4900E-13   4.0266E+02   4.0000E+02   6.7733E+04   5.3639E-03   5.2015E+00
   8.5800E-13   4.0266E+02   4.0000E+02   6.7733E+04   5.3639E-03   5.2015E+00
   8.6700E-13   4.0266E+02   4.0000E+02   6.7733E+04   5.3639E-03   5.2015E+00
   8.7600E-13   4.0266E+02   4.0000E+02   6.7733E+04   5.3639E-03   5.2015E+00
   8.8500E-13   4.0266E+02   4.0000E+02   6.7733E+04   5.3640E-03   5.2016E+00
   8.9400E-13   4.0266E+02   4.0000E+02   6.7733E+04   5.3640E-03   5.2016E+00
   9.0300E-13   4.0266E+02   4.0000E+02   6.7733E+04   5.3640E-03   5.2016E+00
   9.1300E-13   4.0266E+02   4.0000E+02   6.7733E+04   5.3640E-03   5.2016E+00
   9.2300E-13   4.0266E+02   4.0000E+02   6.7733E+04   5.3640E-03   5.2016E+00
   9.3300E-13   4.0266E+02   4.0000E+02   6.7733E+04   5.3641E-03   5.2017E+00
   9.4300E-13   4.0266E+02   4.0000E+02   6.7733E+04   5.3641E-03   5.2017E+00
   9.5300E-13   4.0266E+02   4.0000E+02   6.7733E+04   5.3641E-03   5.2017E+00
   9.6300E-13   4.0266E+02   4.0000E+02   6.7733E+04   5.3641E-03   5.2017E+00
   9.7300E-13   4.0266E+02   4.0000E+02   6.7733E+04   5.3642E-03   5.2018E+00
   9.8300E-13   4.0266E+02   4.0000E+02   6.7733E+04   5.3642E-03   5.2018E+00
   9.9300E-13   4.0266E+02   4.0000E+02   6.7733E+04   5.3642E-03   5.2018E+00
   1.0030E-12   4.0266E+02   4.0000E+02   6.7733E+04   5.3642E-03   5.2018E+00
   1.0140E-12   4.0266E+02   4.0000E+02   6.7733E+04   5.3643E-03   5.2018E+00
   1.0250E-12   4.0266E+02   4.0000E+02   6.7733E+04   5.3643E-03   5.2019E+00
   1.0360E-12   4.0266E+02   4.0000E+02   6.7733E+04   5.3643E-03   5.2019E+00
   1.0470E-12   4.0266E+02   4.0000E+02   6.7733E+04   5.3643E-03   5.2019E+00
   1.0580E-12   4.0266E+02   4.0000E+02   6.7733E+04   5.3644E-03   5.2019E+00
   1.0690E-12   4.0266E+02   4.0000E+02   6.7733E+04   5.3644E-03   5.2020E+00
   1.0800E-12   4.0266E+02   4.0000E+02   6.7733E+04   5.3644E-03   5.2020E+00
   1.0910E-12   4.0266E+02   4.0000E+02   6.7733E+04   5.3644E-03   5.2020E+00
   1.1020E-12   4.0266E+02   4.0000E+02   6.7733E+04   5.3645E-03   5.2020E+00
   1.1140E-12   4.0266E+02   4.0000E+02   6.7733E+04   5.3645E-03   5.2021E+00
   1.1260E-12   4.0266E+02   4.0000E+02   6.7733E+04   5.3645E-03   5.2021E+00
   1.1380E-12   4.0266E+02   4.0000E+02   6.7733E+04   5.3645E-03   5.2021E+00
   1.1500E-12   4.0266E+02   4.0000E+02   6.7733E+04   5.3646E-03   5.2022E+00
   1.1620E-12   4.0266E+02   4.0000E+02   6.7733E+04   5.3646E-03   5.2022E+00
   1.1740E-12   4.0266E+02   4.0000E+02   6.7733E+04   5.3646E-03   5.2022E+00
   1.1860E-12   4.0266E+02   4.0000E+02   6.7733E+04   5.3646E-03   5.2022E+00
   1.1980E-12   4.0266E+02   4.0000E+02   6.7733E+04   5.3647E-03   5.2023E+00
   1.2110E-12   4.0266E+02   4.0000E+02   6.7733E+04   5.3647E-03   5.2023E+00
   1.2240E-12   4.0266E+02   4.0000E+02   6.7733E+04   5.3647E-03   5.2023E+00
   1.2370E-12   4.0266E+02   4.0000E+02   6.7733E+04   5.3648E-03   5.2023E+00
   1.2500E-12   4.0266E+02   4.0000E+02   6.7733E+04   5.3648E-03   5.2024E+00
   1.2630E-12   4.0266E+02   4.0000E+02   6.7733E+04   5.3648E-03   5.2024E+00
   1.2760E-12   4.0266E+02   4.0000E+02   6.7733E+04   5.3649E-03   5.2024E+00
   1.2890E-12   4.0266E+02   4.0000E+02   6.7733E+04   5.3649E-03   5.2025E+00
   1.3020E-12   4.0266E+02   4.0000E+02   6.7733E+04   5.3649E-03   5.2025E+00
   1.3160E-12   4.0266E+02   4.0000E+02   6.7733E+04   5.3649E-03   5.2025E+00
   1.3300E-12   4.0266E+02   4.0000E+02   6.7733E+04   5.3650E-03   5.2026E+00
   1.3440E-12   4.0266E+02   4.0000E+02   6.7733E+04   5.3650E-03   5.2026E+00
   1.3580E-12   4.0266E+02   4.0000E+02   6.7733E+04   5.3650E-03   5.2026E+00
   1.3720E-12   4.0266E+02   4.0000E+02   6.7733E+04   5.3651E-03   5.2026E+00
   1.3860E-12   4.0266E+02   4.0000E+02   6.7733E+04   5.3651E-03   5.2027E+00
   1.4000E-12   4.0266E+02   4.0000E+02   6.7733E+04   5.3651E-03   5.2027E+00
   1.4150E-12   4.0266E+02   4.0000E+02   6.7733E+04   5.3652E-03   5.2027E+00
   1.4300E-12   4.0266E+02   4.0000E+02   6.7733E+04   5.3652E-03   5.2028E+00
   1.4450E-12   4.0266E+02   4.0000E+02   6.7733E+04   5.3652E-03   5.2028E+00
   1.4600E-12   4.0266E+02   4.0000E+02   6.7733E+04   5.3653E-03   5.2028E+00
   1.4750E-12   4.0266E+02   4.0000E+02   6.7733E+04   5.3653E-03   5.2029E+00
   1.4900E-12   4.0266E+02   4.0000E+02   6.7733E+04   5.3653E-03   5.2029E+00
   1.5050E-12   4.0266E+02   4.0000E+02   6.7733E+04   5.3654E-03   5.2029E+00
   1.5210E-12   4.0266E+02   4.0000E+02   6.7733E+04   5.3654E-03   5.2030E+00
   1.5370E-12   4.0266E+02   4.0000E+02   6.7733E+04   5.3655E-03   5.2030E+00
   1.5530E-12   4.0266E+02   4.0000E+02   6.7733E+04   5.3655E-03   5.2031E+00
   1.5690E-12   4.0266E+02   4.0000E+02   6.7733E+04   5.3655E-03   5.2031E+00
   1.5850E-12   4.0266E+02   4.0000E+02   6.7733E+04   5.3656E-03   5.2031E+00
   1.6010E-12   4.0266E+02   4.0000E+02   6.7733E+04   5.3656E-03   5.2032E+00
   1.6180E-12   4.0266E+02   4.0000E+02   6.7733E+04   5.3656E-03   5.2032E+00
   1.6350E-12   4.0266E+02   4.0000E+02   6.7733E+04   5.3657E-03   5.2032E+00
   1.6520E-12   4.0266E+02   4.0000E+02   6.7733E+04   5.3657E-03   5.2033E+00
   1.6690E-12   4.0266E+02   4.0000E+02   6.7733E+04   5.3658E-03   5.2033E+00
   1.6860E-12   4.0266E+02   4.0000E+02   6.7733E+04   5.3658E-03   5.2033E+00
   1.7030E-12   4.0266E+02   4.0000E+02   6.7733E+04   5.3658E-03   5.2034E+00
   1.7210E-12   4.0266E+02   4.0000E+02   6.7733E+04   5.3659E-03   5.2034E+00
   1.7390E-12   4.0266E+02   4.0000E+02   6.7733E+04   5.3659E-03   5.2035E+00
   1.7570E-12   4.0266E+02   4.0000E+02   6.7733E+04   5.3660E-03   5.2035E+00
   1.7750E-12   4.0266E+02   4.0000E+02   6.7733E+04   5.3660E-03   5.2035E+00
   1.7930E-12   4.0266E+02   4.0000E+02   6.7733E+04   5.3660E-03   5.2036E+00
   1.8120E-12   4.0266E+02   4.0000E+02   6.7733E+04   5.3661E-03   5.2036E+00
   1.8310E-12   4.0266E+02   4.0000E+02   6.7733E+04   5.3661E-03   5.2037E+00
   1.8500E-12   4.0266E+02   4.0000E+02   6.7733E+04   5.3662E-03   5.2037E+00
   1.8690E-12   4.0266E+02   4.0000E+02   6.7733E+04   5.3662E-03   5.2038E+00
   1.8880E-12   4.0266E+02   4.0000E+02   6.7733E+04   5.3663E-03   5.2038E+00
   1.9070E-12   4.0266E+02   4.0000E+02   6.7733E+04   5.3663E-03   5.2038E+00
   1.9270E-12   4.0266E+02   4.0000E+02   6.7733E+04   5.3664E-03   5.2039E+00
   1.9470E-12   4.0266E+02   4.0000E+02   6.7733E+04   5.3664E-03   5.2039E+00
   1.9670E-12   4.0266E+02   4.0000E+02   6.7733E+04   5.3664E-03   5.2040E+00
   1.9870E-12   4.0266E+02   4.0000E+02   6.7733E+04   5.3665E-03   5.2040E+00
   2.0070E-12   4.0266E+02   4.0000E+02   6.7733E+04   5.3665E-03   5.2041E+00
   2.0280E-12   4.0266E+02   4.0000E+02   6.7733E+04   5.3666E-03   5.2041E+00
   2.0490E-12   4.0266E+02   4.0000E+02   6.7733E+04   5.3666E-03   5.2042E+00
   2.0700E-12   4.0266E+02   4.0000E+02   6.7733E+04   5.3667E-03   5.2042E+00
   2.0910E-12   4.0266E+02   4.0000E+02   6.7733E+04   5.3667E-03   5.2043E+00
   2.1120E-12   4.0266E+02   4.0000E+02   6.7733E+04   5.3668E-03   5.2043E+00
   2.1340E-12   4.0266E+02   4.0000E+02   6.7733E+04   5.3668E-03   5.2043E+00
   2.1560E-12   4.0266E+02   4.0000E+02   6.7733E+04   5.3669E-03   5.2044E+00
   2.1780E-12   4.0266E+02   4.0000E+02   6.7733E+04   5.3669E-03   5.2044E+00
   2.2000E-12   4.0266E+02   4.0000E+02   6.7733E+04   5.3670E-03   5.2045E+00
   2.2230E-12   4.0266E+02   4.0000E+02   6.7733E+04   5.3670E-03   5.2045E+00
   2.2460E-12   4.0239E+02   4.0000E+02   6.7710E+04   5.3650E-03   5.1991E+00
   2.2690E-12   4.0239E+02   4.0000E+02   6.7710E+04   5.3651E-03   5.1992E+00
   2.2920E-12   4.0239E+02   4.0000E+02   6.7710E+04   5.3652E-03   5.1992E+00
   2.3160E-12   4.0239E+02   4.0000E+02   6.7710E+04   5.3652E-03   5.1993E+00
   2.3400E-12   4.0239E+02   4.0000E+02   6.7710E+04   5.3653E-03   5.1993E+00
   2.3640E-12   4.0239E+02   4.0000E+02   6.7710E+04   5.3653E-03   5.1994E+00
   2.3880E-12   4.0239E+02   4.0000E+02   6.7710E+04   5.3654E-03   5.1994E+00
   2.4120E-12   4.0239E+02   4.0000E+02   6.7710E+04   5.3654E-03   5.1995E+00
   2.4370E-12   4.0239E+02   4.0000E+02   6.7710E+04   5.3655E-03   5.1995E+00
   2.4620E-12   4.0239E+02   4.0000E+02   6.7710E+04   5.3655E-03   5.1996E+00
   2.4870E-12   4.0239E+02   4.0000E+02   6.7710E+04   5.3656E-03   5.1996E+00
   2.5120E-12   4.0239E+02   4.0000E+02   6.7710E+04   5.3657E-03   5.1997E+00
   2.5380E-12   4.0239E+02   4.0000E+02   6.7710E+04   5.3657E-03   5.1997E+00
   2.5640E-12   4.0239E+02   4.0000E+02   6.7710E+04   5.3658E-03   5.1998E+00
   2.5900E-12   4.0239E+02   4.0000E+02   6.7710E+04   5.3658E-03   5.1999E+00
   2.6170E-12   4.0239E+02   4.0000E+02   6.7710E+04   5.3659E-03   5.1999E+00
   2.6440E-12   4.0239E+02   4.0000E+02   6.7710E+04   5.3660E-03   5.2000E+00
   2.6710E-12   4.0239E+02   4.0000E+02   6.7710E+04   5.3660E-03   5.2000E+00
   2.6980E-12   4.0239E+02   4.0000E+02   6.7710E+04   5.3661E-03   5.2001E+00
   2.7260E-12   4.0239E+02   4.0000E+02   6.7710E+04   5.3661E-03   5.2002E+00
   2.7540E-12   4.0239E+02   4.0000E+02   6.7710E+04   5.3662E-03   5.2002E+00
   2.7820E-12   4.0239E+02   4.0000E+02   6.7710E+04   5.3663E-03   5.2003E+00
   2.8100E-12   4.0239E+02   4.0000E+02   6.7710E+04   5.3663E-03   5.2004E+00
   2.8390E-12   4.0239E+02   4.0000E+02   6.7710E+04   5.3664E-03   5.2004E+00
   2.8680E-12   4.0239E+02   4.0000E+02   6.7710E+04   5.3665E-03   5.2005E+00
   2.8970E-12   4.0239E+02   4.0000E+02   6.7710E+04   5.3665E-03   5.2005E+00
   2.9270E-12   4.0239E+02   4.0000E+02   6.7710E+04   5.3666E-03   5.2006E+00
   2.9570E-12   4.0239E+02   4.0000E+02   6.7710E+04   5.3667E-03   5.2007E+00
   2.9870E-12   4.0239E+02   4.0000E+02   6.7710E+04   5.3667E-03   5.2007E+00
   3.0170E-12   4.0239E+02   4.0000E+02   6.7710E+04   5.3668E-03   5.2008E+00
   3.0480E-12   4.0239E+02   4.0000E+02   6.7710E+04   5.3669E-03   5.2009E+00
   3.0790E-12   4.0239E+02   4.0000E+02   6.7710E+04   5.3670E-03   5.2010E+00
   3.1100E-12   4.0239E+02   4.0000E+02   6.7710E+04   5.3670E-03   5.2010E+00
   3.1420E-12   4.0239E+02   4.0000E+02   6.7710E+04   5.3671E-03   5.2011E+00
   3.1740E-12   4.0239E+02   4.0000E+02   6.7710E+04   5.3672E-03   5.2012E+00
   3.2060E-12   4.0239E+02   4.0000E+02   6.7710E+04   5.3672E-03   5.2012E+00
   3.2390E-12   4.0239E+02   4.0000E+02   6.7710E+04   5.3673E-03   5.2013E+00
   3.2720E-12   4.0239E+02   4.0000E+02   6.7710E+04   5.3674E-03   5.2014E+00
   3.3050E-12   4.0239E+02   4.0000E+02   6.7710E+04   5.3675E-03   5.2015E+00
   3.3390E-12   4.0239E+02   4.0000E+02   6.7710E+04   5.3676E-03   5.2015E+00
   3.3730E-12   4.0239E+02   4.0000E+02   6.7710E+04   5.3676E-03   5.2016E+00
   3.4070E-12   4.0239E+02   4.0000E+02   6.7710E+04   5.3677E-03   5.2017E+00
   3.4420E-12   4.0239E+02   4.0000E+02   6.7710E+04   5.3678E-03   5.2018E+00
   3.4770E-12   4.0239E+02   4.0000E+02   6.7710E+04   5.3679E-03   5.2018E+00
   3.5120E-12   4.0239E+02   4.0000E+02   6.7710E+04   5.3680E-03   5.2019E+00
   3.5480E-12   4.0239E+02   4.0000E+02   6.7710E+04   5.3680E-03   5.2020E+00
   3.5840E-12   4.0239E+02   4.0000E+02   6.7710E+04   5.3681E-03   5.2021E+00
   3.6200E-12   4.0239E+02   4.0000E+02   6.7710E+04   5.3682E-03   5.2022E+00
   3.6570E-12   4.0239E+02   4.0000E+02   6.7710E+04   5.3683E-03   5.2022E+00
   3.6940E-12   4.0239E+02   4.0000E+02   6.7710E+04   5.3684E-03   5.2023E+00
   3.7320E-12   4.0239E+02   4.0000E+02   6.7710E+04   5.3685E-03   5.2024E+00
   3.7700E-12   4.0239E+02   4.0000E+02   6.7710E+04   5.3685E-03   5.2025E+00
   3.8080E-12   4.0239E+02   4.0000E+02   6.7710E+04   5.3686E-03   5.2026E+00
   3.8470E-12   4.0239E+02   4.0000E+02   6.7710E+04   5.3687E-03   5.2027E+00
   3.8860E-12   4.0239E+02   4.0000E+02   6.7710E+04   5.3688E-03   5.2028E+00
   3.9260E-12   4.0239E+02   4.0000E+02   6.7710E+04   5.3689E-03   5.2028E+00
   3.9660E-12   4.0239E+02   4.0000E+02   6.7710E+04   5.3690E-03   5.2029E+00
   4.0060E-12   4.0239E+02   4.0000E+02   6.7710E+04   5.3691E-03   5.2030E+00
   4.0470E-12   4.0239E+02   4.0000E+02   6.7710E+04   5.3692E-03   5.2031E+00
   4.0880E-12   4.0239E+02   4.0000E+02   6.7710E+04   5.3693E-03   5.2032E+00
   4.1300E-12   4.0239E+02   4.0000E+02   6.7710E+04   5.3694E-03   5.2033E+00
   4.1720E-12   4.0239E+02   4.0000E+02   6.7710E+04   5.3695E-03   5.2034E+00
   4.2140E-12   4.0239E+02   4.0000E+02   6.7710E+04   5.3696E-03   5.2035E+00
   4.2570E-12   4.0239E+02   4.0000E+02   6.7710E+04   5.3697E-03   5.2036E+00
   4.3000E-12   4.0239E+02   4.0000E+02   6.7710E+04   5.3698E-03   5.2037E+00
   4.3440E-12   4.0239E+02   4.0000E+02   6.7710E+04   5.3699E-03   5.2038E+00
   4.3880E-12   4.0239E+02   4.0000E+02   6.7710E+04   5.3700E-03   5.2039E+00
   4.4330E-12   4.0239E+02   4.0000E+02   6.7710E+04   5.3701E-03   5.2040E+00
   4.4780E-12   4.0239E+02   4.0000E+02   6.7710E+04   5.3702E-03   5.2041E+00
   4.5230E-12   4.0239E+02   4.0000E+02   6.7710E+04   5.3703E-03   5.2042E+00
   4.5690E-12   4.0239E+02   4.0000E+02   6.7710E+04   5.3704E-03   5.2043E+00
   4.6150E-12   4.0239E+02   4.0000E+02   6.7710E+04   5.3705E-03   5.2044E+00
   4.6620E-12   4.0239E+02   4.0000E+02   6.7710E+04   5.3706E-03   5.2045E+00
   4.7090E-12   4.0239E+02   4.0000E+02   6.7710E+04   5.3707E-03   5.2046E+00
   4.7570E-12   4.0239E+02   4.0000E+02   6.7710E+04   5.3708E-03   5.2047E+00
   4.8050E-12   4.0239E+02   4.0000E+02   6.7710E+04   5.3709E-03   5.2048E+00
   4.8540E-12   4.0239E+02   4.0000E+02   6.7710E+04   5.3710E-03   5.2049E+00
   4.9030E-12   4.0239E+02   4.0000E+02   6.7710E+04   5.3711E-03   5.2050E+00
   4.9530E-12   4.0239E+02   4.0000E+02   6.7710E+04   5.3713E-03   5.2051E+00
   5.0030E-12   4.0239E+02   4.0000E+02   6.7710E+04   5.3714E-03   5.2052E+00
   5.0540E-12   4.0239E+02   4.0000E+02   6.7710E+04   5.3715E-03   5.2054E+00
   5.1050E-12   4.0239E+02   4.0000E+02   6.7710E+04   5.3716E-03   5.2055E+00
   5.1570E-12   4.0239E+02   4.0000E+02   6.7710E+04   5.3717E-03   5.2056E+00
   5.2090E-12   4.0239E+02   4.0000E+02   6.7710E+04   5.3719E-03   5.2057E+00
   5.2620E-12   4.0239E+02   4.0000E+02   6.7710E+04   5.3720E-03   5.2058E+00
   5.3150E-12   4.0239E+02   4.0000E+02   6.7710E+04   5.3721E-03   5.2059E+00
   5.3690E-12   4.0239E+02   4.0000E+02   6.7710E+04   5.3722E-03   5.2061E+00
   5.4230E-12   4.0239E+02   4.0000E+02   6.7710E+04   5.3723E-03   5.2062E+00
   5.4780E-12   4.0239E+02   4.0000E+02   6.7710E+04   5.3725E-03   5.2063E+00
   5.5330E-12   4.0239E+02   4.0000E+02   6.7710E+04   5.3726E-03   5.2064E+00
   5.5890E-12   4.0239E+02   4.0000E+02   6.7710E+04   5.3727E-03   5.2065E+00
   5.6460E-12   4.0239E+02   4.0000E+02   6.7710E+04   5.3729E-03   5.2067E+00
   5.7030E-12   4.0239E+02   4.0000E+02   6.7710E+04   5.3730E-03   5.2068E+00
   5.7610E-12   4.0239E+02   4.0000E+02   6.7710E+04   5.3731E-03   5.2069E+00
   5.8190E-12   4.0239E+02   4.0000E+02   6.7710E+04   5.3733E-03   5.2071E+00
   5.8780E-12   4.0239E+02   4.0000E+02   6.7710E+04   5.3734E-03   5.2072E+00
   5.9370E-12   4.0239E+02   4.0000E+02   6.7710E+04   5.3735E-03   5.2073E+00
   5.9970E-12   4.0239E+02   4.0000E+02   6.7710E+04   5.3737E-03   5.2075E+00
   6.0580E-12   4.0239E+02   4.0000E+02   6.7710E+04   5.3738E-03   5.2076E+00
   6.1190E-12   4.0239E+02   4.0000E+02   6.7710E+04   5.3739E-03   5.2077E+00
   6.1810E-12   4.0239E+02   4.0000E+02   6.7710E+04   5.3741E-03   5.2079E+00
   6.2430E-12   4.0213E+02   4.0000E+02   6.7688E+04   5.3723E-03   5.2027E+00
   6.3060E-12   4.0213E+02   4.0000E+02   6.7688E+04   5.3724E-03   5.2028E+00
   6.3700E-12   4.0213E+02   4.0000E+02   6.7688E+04   5.3725E-03   5.2030E+00
   6.4340E-12   4.0213E+02   4.0000E+02   6.7688E+04   5.3727E-03   5.2031E+00
   6.4990E-12   4.0213E+02   4.0000E+02   6.7688E+04   5.3728E-03   5.2033E+00
   6.5650E-12   4.0213E+02   4.0000E+02   6.7688E+04   5.3730E-03   5.2034E+00
   6.6310E-12   4.0213E+02   4.0000E+02   6.7688E+04   5.3731E-03   5.2035E+00
   6.6980E-12   4.0213E+02   4.0000E+02   6.7688E+04   5.3733E-03   5.2037E+00
   6.7660E-12   4.0213E+02   4.0000E+02   6.7688E+04   5.3735E-03   5.2038E+00
   6.8340E-12   4.0213E+02   4.0000E+02   6.7688E+04   5.3736E-03   5.2040E+00
   6.9030E-12   4.0213E+02   4.0000E+02   6.7688E+04   5.3738E-03   5.2042E+00
   6.9730E-12   4.0213E+02   4.0000E+02   6.7688E+04   5.3739E-03   5.2043E+00
   7.0430E-12   4.0213E+02   4.0000E+02   6.7688E+04   5.3741E-03   5.2045E+00
   7.1140E-12   4.0213E+02   4.0000E+02   6.7688E+04   5.3743E-03   5.2046E+00
   7.1860E-12   4.0213E+02   4.0000E+02   6.7688E+04   5.3744E-03   5.2048E+00
   7.2590E-12   4.0213E+02   4.0000E+02   6.7688E+04   5.3746E-03   5.2049E+00
   7.3320E-12   4.0213E+02   4.0000E+02   6.7688E+04   5.3748E-03   5.2051E+00
   7.4060E-12   4.0213E+02   4.0000E+02   6.7688E+04   5.3749E-03   5.2053E+00
   7.4810E-12   4.0213E+02   4.0000E+02   6.7688E+04   5.3751E-03   5.2054E+00
   7.5570E-12   4.0213E+02   4.0000E+02   6.7688E+04   5.3753E-03   5.2056E+00
   7.6330E-12   4.0213E+02   4.0000E+02   6.7688E+04   5.3754E-03   5.2058E+00
   7.7100E-12   4.0213E+02   4.0000E+02   6.7688E+04   5.3756E-03   5.2059E+00
   7.7880E-12   4.0213E+02   4.0000E+02   6.7688E+04   5.3758E-03   5.2061E+00
   7.8670E-12   4.0213E+02   4.0000E+02   6.7688E+04   5.3760E-03   5.2063E+00
   7.9460E-12   4.0213E+02   4.0000E+02   6.7688E+04   5.3762E-03   5.2065E+00
   8.0260E-12   4.0213E+02   4.0000E+02   6.7688E+04   5.3764E-03   5.2066E+00
   8.1070E-12   4.0213E+02   4.0000E+02   6.7688E+04   5.3765E-03   5.2068E+00
   8.1890E-12   4.0213E+02   4.0000E+02   6.7688E+04   5.3767E-03   5.2070E+00
   8.2720E-12   4.0213E+02   4.0000E+02   6.7688E+04   5.3769E-03   5.2072E+00
   8.3550E-12   4.0213E+02   4.0000E+02   6.7688E+04   5.3771E-03   5.2074E+00
   8.4390E-12   4.0213E+02   4.0000E+02   6.7688E+04   5.3773E-03   5.2076E+00
   8.5240E-12   4.0213E+02   4.0000E+02   6.7688E+04   5.3775E-03   5.2078E+00
   8.6100E-12   4.0213E+02   4.0000E+02   6.7688E+04   5.3777E-03   5.2079E+00
   8.6970E-12   4.0213E+02   4.0000E+02   6.7688E+04   5.3779E-03   5.2081E+00
   8.7850E-12   4.0213E+02   4.0000E+02   6.7688E+04   5.3781E-03   5.2083E+00
   8.8740E-12   4.0213E+02   4.0000E+02   6.7688E+04   5.3783E-03   5.2085E+00
   8.9630E-12   4.0213E+02   4.0000E+02   6.7688E+04   5.3785E-03   5.2087E+00
   9.0530E-12   4.0213E+02   4.0000E+02   6.7688E+04   5.3787E-03   5.2089E+00
   9.1440E-12   4.0213E+02   4.0000E+02   6.7688E+04   5.3789E-03   5.2091E+00
   9.2360E-12   4.0213E+02   4.0000E+02   6.7688E+04   5.3791E-03   5.2093E+00
   9.3290E-12   4.0213E+02   4.0000E+02   6.7688E+04   5.3793E-03   5.2095E+00
   9.4230E-12   4.0213E+02   4.0000E+02   6.7688E+04   5.3796E-03   5.2098E+00
   9.5180E-12   4.0213E+02   4.0000E+02   6.7688E+04   5.3798E-03   5.2100E+00
   9.6140E-12   4.0213E+02   4.0000E+02   6.7688E+04   5.3800E-03   5.2102E+00
   9.7110E-12   4.0213E+02   4.0000E+02   6.7688E+04   5.3802E-03   5.2104E+00
   9.8090E-12   4.0213E+02   4.0000E+02   6.7688E+04   5.3804E-03   5.2106E+00
   9.9080E-12   4.0213E+02   4.0000E+02   6.7688E+04   5.3807E-03   5.2108E+00
   1.0008E-11   4.0213E+02   4.0000E+02   6.7688E+04   5.3809E-03   5.2111E+00
   1.0109E-11   4.0213E+02   4.0000E+02   6.7688E+04   5.3811E-03   5.2113E+00
   1.0211E-11   4.0213E+02   4.0000E+02   6.7688E+04   5.3814E-03   5.2115E+00
   1.0314E-11   4.0172E+02   4.0000E+02   6.7655E+04   5.3786E-03   5.2036E+00
   1.0418E-11   4.0172E+02   4.0000E+02   6.7655E+04   5.3788E-03   5.2038E+00
   1.0523E-11   4.0172E+02   4.0000E+02   6.7655E+04   5.3791E-03   5.2041E+00
   1.0629E-11   4.0172E+02   4.0000E+02   6.7655E+04   5.3793E-03   5.2043E+00
   1.0736E-11   4.0172E+02   4.0000E+02   6.7655E+04   5.3796E-03   5.2045E+00
   1.0844E-11   4.0172E+02   4.0000E+02   6.7655E+04   5.3798E-03   5.2048E+00
   1.0953E-11   4.0172E+02   4.0000E+02   6.7655E+04   5.3801E-03   5.2050E+00
   1.1063E-11   4.0172E+02   4.0000E+02   6.7655E+04   5.3803E-03   5.2053E+00
   1.1174E-11   4.0172E+02   4.0000E+02   6.7655E+04   5.3806E-03   5.2055E+00
   1.1287E-11   4.0172E+02   4.0000E+02   6.7655E+04   5.3808E-03   5.2058E+00
   1.1401E-11   4.0172E+02   4.0000E+02   6.7655E+04   5.3811E-03   5.2060E+00
   1.1516E-11   4.0172E+02   4.0000E+02   6.7655E+04   5.3813E-03   5.2063E+00
   1.1632E-11   4.0172E+02   4.0000E+02   6.7655E+04   5.3816E-03   5.2065E+00
   1.1749E-11   4.0172E+02   4.0000E+02   6.7655E+04   5.3819E-03   5.2068E+00
   1.1867E-11   4.0172E+02   4.0000E+02   6.7655E+04   5.3822E-03   5.2071E+00
   1.1986E-11   4.0172E+02   4.0000E+02   6.7655E+04   5.3824E-03   5.2073E+00
   1.2107E-11   4.0172E+02   4.0000E+02   6.7655E+04   5.3827E-03   5.2076E+00
   1.2229E-11   4.0172E+02   4.0000E+02   6.7655E+04   5.3830E-03   5.2079E+00
   1.2352E-11   4.0172E+02   4.0000E+02   6.7655E+04   5.3833E-03   5.2081E+00
   1.2476E-11   4.0172E+02   4.0000E+02   6.7655E+04   5.3835E-03   5.2084E+00
   1.2601E-11   4.0172E+02   4.0000E+02   6.7655E+04   5.3838E-03   5.2087E+00
   1.2728E-11   4.0172E+02   4.0000E+02   6.7655E+04   5.3841E-03   5.2090E+00
   1.2856E-11   4.0172E+02   4.0000E+02   6.7655E+04   5.3844E-03   5.2093E+00
   1.2985E-11   4.0172E+02   4.0000E+02   6.7655E+04   5.3847E-03   5.2095E+00
   1.3116E-11   4.0172E+02   4.0000E+02   6.7655E+04   5.3850E-03   5.2098E+00
   1.3248E-11   4.0172E+02   4.0000E+02   6.7655E+04   5.3853E-03   5.2101E+00
   1.3381E-11   4.0172E+02   4.0000E+02   6.7655E+04   5.3856E-03   5.2104E+00
   1.3515E-11   4.0172E+02   4.0000E+02   6.7655E+04   5.3859E-03   5.2107E+00
   1.3651E-11   4.0172E+02   4.0000E+02   6.7655E+04   5.3862E-03   5.2110E+00
   1.3788E-11   4.0172E+02   4.0000E+02   6.7655E+04   5.3866E-03   5.2113E+00
   1.3927E-11   4.0115E+02   4.0000E+02   6.7608E+04   5.3825E-03   5.2000E+00
   1.4067E-11   4.0115E+02   4.0000E+02   6.7608E+04   5.3829E-03   5.2003E+00
   1.4208E-11   4.0115E+02   4.0000E+02   6.7608E+04   5.3832E-03   5.2006E+00
   1.4351E-11   4.0115E+02   4.0000E+02   6.7608E+04   5.3835E-03   5.2009E+00
   1.4494E-11   4.0115E+02   4.0000E+02   6.7608E+04   5.3838E-03   5.2012E+00
   1.4637E-11   4.0115E+02   4.0000E+02   6.7608E+04   5.3842E-03   5.2016E+00
   1.4780E-11   4.0115E+02   4.0000E+02   6.7608E+04   5.3845E-03   5.2019E+00
   1.4923E-11   4.0115E+02   4.0000E+02   6.7608E+04   5.3848E-03   5.2022E+00
   1.5066E-11   4.0115E+02   4.0000E+02   6.7608E+04   5.3852E-03   5.2025E+00
   1.5209E-11   4.0115E+02   4.0000E+02   6.7608E+04   5.3855E-03   5.2028E+00
   1.5352E-11   4.0115E+02   4.0000E+02   6.7608E+04   5.3858E-03   5.2031E+00
   1.5495E-11   4.0115E+02   4.0000E+02   6.7608E+04   5.3861E-03   5.2035E+00
   1.5639E-11   4.0115E+02   4.0000E+02   6.7608E+04   5.3865E-03   5.2038E+00
   1.5783E-11   4.0115E+02   4.0000E+02   6.7608E+04   5.3868E-03   5.2041E+00
   1.5927E-11   4.0115E+02   4.0000E+02   6.7608E+04   5.3871E-03   5.2044E+00
   1.6071E-11   4.0115E+02   4.0000E+02   6.7608E+04   5.3875E-03   5.2047E+00
   1.6215E-11   4.0115E+02   4.0000E+02   6.7608E+04   5.3878E-03   5.2050E+00
   1.6359E-11   4.0115E+02   4.0000E+02   6.7608E+04   5.3881E-03   5.2054E+00
   1.6503E-11   4.0115E+02   4.0000E+02   6.7608E+04   5.3884E-03   5.2057E+00
   1.6648E-11   4.0115E+02   4.0000E+02   6.7608E+04   5.3888E-03   5.2060E+00
   1.6793E-11   4.0115E+02   4.0000E+02   6.7608E+04   5.3891E-03   5.2063E+00
   1.6938E-11   4.0115E+02   4.0000E+02   6.7608E+04   5.3894E-03   5.2066E+00
   1.7083E-11   4.0115E+02   4.0000E+02   6.7608E+04   5.3898E-03   5.2070E+00
   1.7228E-11   4.0092E+02   4.0000E+02   6.7589E+04   5.3884E-03   5.2027E+00
   1.7374E-11   4.0092E+02   4.0000E+02   6.7589E+04   5.3887E-03   5.2030E+00
   1.7520E-11   4.0092E+02   4.0000E+02   6.7589E+04   5.3891E-03   5.2033E+00
   1.7666E-11   4.0092E+02   4.0000E+02   6.7589E+04   5.3894E-03   5.2037E+00
   1.7812E-11   4.0092E+02   4.0000E+02   6.7589E+04   5.3897E-03   5.2040E+00
   1.7959E-11   4.0092E+02   4.0000E+02   6.7589E+04   5.3901E-03   5.2043E+00
   1.8106E-11   4.0092E+02   4.0000E+02   6.7589E+04   5.3904E-03   5.2046E+00
   1.8253E-11   4.0092E+02   4.0000E+02   6.7589E+04   5.3907E-03   5.2049E+00
   1.8400E-11   4.0092E+02   4.0000E+02   6.7589E+04   5.3911E-03   5.2053E+00
   1.8548E-11   4.0092E+02   4.0000E+02   6.7589E+04   5.3914E-03   5.2056E+00
   1.8696E-11   4.0092E+02   4.0000E+02   6.7589E+04   5.3917E-03   5.2059E+00
   1.8844E-11   4.0092E+02   4.0000E+02   6.7589E+04   5.3921E-03   5.2063E+00
   1.8993E-11   4.0092E+02   4.0000E+02   6.7589E+04   5.3924E-03   5.2066E+00
   1.9142E-11   4.0092E+02   4.0000E+02   6.7589E+04   5.3928E-03   5.2069E+00
   1.9291E-11   4.0092E+02   4.0000E+02   6.7589E+04   5.3931E-03   5.2072E+00
   1.9441E-11   4.0092E+02   4.0000E+02   6.7589E+04   5.3935E-03   5.2076E+00
   1.9591E-11   4.0092E+02   4.0000E+02   6.7589E+04   5.3938E-03   5.2079E+00
   1.9741E-11   4.0092E+02   4.0000E+02   6.7589E+04   5.3941E-03   5.2082E+00
   1.9892E-11   4.0092E+02   4.0000E+02   6.7589E+04   5.3945E-03   5.2086E+00
   2.0043E-11   4.0092E+02   4.0000E+02   6.7589E+04   5.3948E-03   5.2089E+00
   2.0194E-11   4.0092E+02   4.0000E+02   6.7589E+04   5.3952E-03   5.2092E+00
   2.0346E-11   4.0092E+02   4.0000E+02   6.7589E+04   5.3955E-03   5.2096E+00
   2.0498E-11   4.0092E+02   4.0000E+02   6.7589E+04   5.3959E-03   5.2099E+00
   2.0651E-11   4.0092E+02   4.0000E+02   6.7589E+04   5.3962E-03   5.2102E+00
   2.0804E-11   4.0092E+02   4.0000E+02   6.7589E+04   5.3966E-03   5.2106E+00
   2.0957E-11   4.0092E+02   4.0000E+02   6.7589E+04   5.3969E-03   5.2109E+00
   2.1111E-11   4.0092E+02   4.0000E+02   6.7589E+04   5.3973E-03   5.2113E+00
   2.1265E-11   4.0052E+02   4.0000E+02   6.7556E+04   5.3946E-03   5.2035E+00
   2.1420E-11   4.0052E+02   4.0000E+02   6.7556E+04   5.3950E-03   5.2038E+00
   2.1575E-11   4.0052E+02   4.0000E+02   6.7556E+04   5.3953E-03   5.2042E+00
   2.1730E-11   4.0052E+02   4.0000E+02   6.7556E+04   5.3957E-03   5.2045E+00
   2.1886E-11   4.0052E+02   4.0000E+02   6.7556E+04   5.3960E-03   5.2048E+00
   2.2042E-11   4.0052E+02   4.0000E+02   6.7556E+04   5.3964E-03   5.2052E+00
   2.2199E-11   4.0052E+02   4.0000E+02   6.7556E+04   5.3967E-03   5.2055E+00
   2.2356E-11   4.0052E+02   4.0000E+02   6.7556E+04   5.3971E-03   5.2059E+00
   2.2514E-11   4.0052E+02   4.0000E+02   6.7556E+04   5.3975E-03   5.2062E+00
   2.2672E-11   4.0052E+02   4.0000E+02   6.7556E+04   5.3978E-03   5.2066E+00
   2.2831E-11   4.0052E+02   4.0000E+02   6.7556E+04   5.3982E-03   5.2069E+00
   2.2990E-11   4.0052E+02   4.0000E+02   6.7556E+04   5.3985E-03   5.2073E+00
   2.3150E-11   4.0052E+02   4.0000E+02   6.7556E+04   5.3989E-03   5.2076E+00
   2.3310E-11   4.0052E+02   4.0000E+02   6.7556E+04   5.3993E-03   5.2080E+00
   2.3471E-11   4.0052E+02   4.0000E+02   6.7556E+04   5.3996E-03   5.2083E+00
   2.3632E-11   4.0052E+02   4.0000E+02   6.7556E+04   5.4000E-03   5.2087E+00
   2.3794E-11   4.0052E+02   4.0000E+02   6.7556E+04   5.4004E-03   5.2091E+00
   2.3956E-11   4.0052E+02   4.0000E+02   6.7556E+04   5.4008E-03   5.2094E+00
   2.4119E-11   4.0052E+02   4.0000E+02   6.7556E+04   5.4011E-03   5.2098E+00
   2.4282E-11   4.0052E+02   4.0000E+02   6.7556E+04   5.4015E-03   5.2101E+00
   2.4446E-11   4.0052E+02   4.0000E+02   6.7556E+04   5.4019E-03   5.2105E+00
   2.4610E-11   4.0052E+02   4.0000E+02   6.7556E+04   5.4022E-03   5.2109E+00
   2.4775E-11   4.0052E+02   4.0000E+02   6.7556E+04   5.4026E-03   5.2112E+00
   2.4940E-11   4.0012E+02   4.0000E+02   6.7523E+04   5.4000E-03   5.2035E+00
   2.5106E-11   4.0012E+02   4.0000E+02   6.7523E+04   5.4003E-03   5.2038E+00
   2.5272E-11   4.0012E+02   4.0000E+02   6.7523E+04   5.4007E-03   5.2042E+00
   2.5439E-11   4.0012E+02   4.0000E+02   6.7523E+04   5.4011E-03   5.2046E+00
   2.5607E-11   4.0012E+02   4.0000E+02   6.7523E+04   5.4015E-03   5.2049E+00
   2.5775E-11   4.0012E+02   4.0000E+02   6.7523E+04   5.4019E-03   5.2053E+00
   2.5944E-11   4.0012E+02   4.0000E+02   6.7523E+04   5.4023E-03   5.2057E+00
   2.6113E-11   4.0012E+02   4.0000E+02   6.7523E+04   5.4026E-03   5.2060E+00
   2.6283E-11   4.0012E+02   4.0000E+02   6.7523E+04   5.4030E-03   5.2064E+00
   2.6454E-11   4.0012E+02   4.0000E+02   6.7523E+04   5.4034E-03   5.2068E+00
   2.6625E-11   4.0012E+02   4.0000E+02   6.7523E+04   5.4038E-03   5.2072E+00
   2.6797E-11   4.0012E+02   4.0000E+02   6.7523E+04   5.4042E-03   5.2075E+00
   2.6969E-11   4.0012E+02   4.0000E+02   6.7523E+04   5.4046E-03   5.2079E+00
   2.7142E-11   4.0012E+02   4.0000E+02   6.7523E+04   5.4050E-03   5.2083E+00
   2.7316E-11   4.0012E+02   4.0000E+02   6.7523E+04   5.4054E-03   5.2087E+00
   2.7490E-11   4.0012E+02   4.0000E+02   6.7523E+04   5.4058E-03   5.2091E+00
   2.7665E-11   4.0012E+02   4.0000E+02   6.7523E+04   5.4062E-03   5.2094E+00
   2.7841E-11   4.0012E+02   4.0000E+02   6.7523E+04   5.4066E-03   5.2098E+00
   2.8017E-11   4.0012E+02   4.0000E+02   6.7523E+04   5.4070E-03   5.2102E+00
   2.8194E-11   4.0012E+02   4.0000E+02   6.7523E+04   5.4074E-03   5.2106E+00
   2.8371E-11   4.0012E+02   4.0000E+02   6.7523E+04   5.4078E-03   5.2110E+00
   2.8549E-11   4.0012E+02   4.0000E+02   6.7523E+04   5.4082E-03   5.2114E+00
   2.8728E-11   3.9972E+02   4.0000E+02   6.7489E+04   5.4056E-03   5.2036E+00
   2.8907E-11   3.9972E+02   4.0000E+02   6.7489E+04   5.4060E-03   5.2040E+00
   2.9087E-11   3.9972E+02   4.0000E+02   6.7489E+04   5.4064E-03   5.2044E+00
   2.9268E-11   3.9972E+02   4.0000E+02   6.7489E+04   5.4068E-03   5.2048E+00
   2.9449E-11   3.9972E+02   4.0000E+02   6.7489E+04   5.4072E-03   5.2052E+00
   2.9631E-11   3.9972E+02   4.0000E+02   6.7489E+04   5.4076E-03   5.2056E+00
   2.9814E-11   3.9972E+02   4.0000E+02   6.7489E+04   5.4080E-03   5.2060E+00
   2.9998E-11   3.9972E+02   4.0000E+02   6.7489E+04   5.4085E-03   5.2064E+00
   3.0182E-11   3.9972E+02   4.0000E+02   6.7489E+04   5.4089E-03   5.2068E+00
   3.0367E-11   3.9972E+02   4.0000E+02   6.7489E+04   5.4093E-03   5.2072E+00
   3.0553E-11   3.9972E+02   4.0000E+02   6.7489E+04   5.4097E-03   5.2076E+00
   3.0739E-11   3.9972E+02   4.0000E+02   6.7489E+04   5.4102E-03   5.2081E+00
   3.0926E-11   3.9972E+02   4.0000E+02   6.7489E+04   5.4106E-03   5.2085E+00
   3.1114E-11   3.9972E+02   4.0000E+02   6.7489E+04   5.4110E-03   5.2089E+00
   3.1303E-11   3.9972E+02   4.0000E+02   6.7489E+04   5.4114E-03   5.2093E+00
   3.1492E-11   3.9972E+02   4.0000E+02   6.7489E+04   5.4119E-03   5.2097E+00
   3.1682E-11   3.9972E+02   4.0000E+02   6.7489E+04   5.4123E-03   5.2101E+00
   3.1873E-11   3.9972E+02   4.0000E+02   6.7489E+04   5.4127E-03   5.2105E+00
   3.2065E-11   3.9972E+02   4.0000E+02   6.7489E+04   5.4132E-03   5.2110E+00
   3.2257E-11   3.9972E+02   4.0000E+02   6.7489E+04   5.4136E-03   5.2114E+00
   3.2450E-11   3.9932E+02   4.0000E+02   6.7456E+04   5.4110E-03   5.2037E+00
   3.2644E-11   3.9932E+02   4.0000E+02   6.7456E+04   5.4114E-03   5.2041E+00
   3.2839E-11   3.9932E+02   4.0000E+02   6.7456E+04   5.4119E-03   5.2045E+00
   3.3035E-11   3.9932E+02   4.0000E+02   6.7456E+04   5.4123E-03   5.2049E+00
   3.3231E-11   3.9932E+02   4.0000E+02   6.7456E+04   5.4128E-03   5.2054E+00
   3.3428E-11   3.9932E+02   4.0000E+02   6.7456E+04   5.4132E-03   5.2058E+00
   3.3626E-11   3.9932E+02   4.0000E+02   6.7456E+04   5.4137E-03   5.2062E+00
   3.3825E-11   3.9932E+02   4.0000E+02   6.7456E+04   5.4141E-03   5.2067E+00
   3.4025E-11   3.9932E+02   4.0000E+02   6.7456E+04   5.4146E-03   5.2071E+00
   3.4225E-11   3.9932E+02   4.0000E+02   6.7456E+04   5.4150E-03   5.2075E+00
   3.4426E-11   3.9932E+02   4.0000E+02   6.7456E+04   5.4155E-03   5.2080E+00
   3.4628E-11   3.9932E+02   4.0000E+02   6.7456E+04   5.4159E-03   5.2084E+00
   3.4831E-11   3.9932E+02   4.0000E+02   6.7456E+04   5.4164E-03   5.2089E+00
   3.5035E-11   3.9932E+02   4.0000E+02   6.7456E+04   5.4169E-03   5.2093E+00
   3.5240E-11   3.9932E+02   4.0000E+02   6.7456E+04   5.4173E-03   5.2098E+00
   3.5445E-11   3.9932E+02   4.0000E+02   6.7456E+04   5.4178E-03   5.2102E+00
   3.5651E-11   3.9932E+02   4.0000E+02   6.7456E+04   5.4183E-03   5.2107E+00
   3.5858E-11   3.9932E+02   4.0000E+02   6.7456E+04   5.4187E-03   5.2111E+00
   3.6066E-11   3.9892E+02   4.0000E+02   6.7423E+04   5.4162E-03   5.2034E+00
   3.6275E-11   3.9892E+02   4.0000E+02   6.7423E+04   5.4166E-03   5.2039E+00
   3.6485E-11   3.9892E+02   4.0000E+02   6.7423E+04   5.4171E-03   5.2043E+00
   3.6696E-11   3.9892E+02   4.0000E+02   6.7423E+04   5.4176E-03   5.2048E+00
   3.6907E-11   3.9892E+02   4.0000E+02   6.7423E+04   5.4181E-03   5.2053E+00
   3.7119E-11   3.9892E+02   4.0000E+02   6.7423E+04   5.4185E-03   5.2057E+00
   3.7332E-11   3.9892E+02   4.0000E+02   6.7423E+04   5.4190E-03   5.2062E+00
   3.7546E-11   3.9892E+02   4.0000E+02   6.7423E+04   5.4195E-03   5.2067E+00
   3.7761E-11   3.9892E+02   4.0000E+02   6.7423E+04   5.4200E-03   5.2071E+00
   3.7977E-11   3.9892E+02   4.0000E+02   6.7423E+04   5.4205E-03   5.2076E+00
   3.8194E-11   3.9892E+02   4.0000E+02   6.7423E+04   5.4210E-03   5.2081E+00
   3.8412E-11   3.9892E+02   4.0000E+02   6.7423E+04   5.4215E-03   5.2085E+00
   3.8631E-11   3.9892E+02   4.0000E+02   6.7423E+04   5.4220E-03   5.2090E+00
   3.8851E-11   3.9892E+02   4.0000E+02   6.7423E+04   5.4225E-03   5.2095E+00
   3.9072E-11   3.9892E+02   4.0000E+02   6.7423E+04   5.4230E-03   5.2100E+00
   3.9294E-11   3.9892E+02   4.0000E+02   6.7423E+04   5.4235E-03   5.2105E+00
   3.9517E-11   3.9892E+02   4.0000E+02   6.7423E+04   5.4240E-03   5.2110E+00
   3.9741E-11   3.9892E+02   4.0000E+02   6.7423E+04   5.4245E-03   5.2115E+00
   3.9966E-11   3.9853E+02   4.0000E+02   6.7390E+04   5.4220E-03   5.2038E+00
   4.0191E-11   3.9853E+02   4.0000E+02   6.7390E+04   5.4225E-03   5.2043E+00
   4.0417E-11   3.9853E+02   4.0000E+02   6.7390E+04   5.4230E-03   5.2048E+00
   4.0644E-11   3.9853E+02   4.0000E+02   6.7390E+04   5.4235E-03   5.2053E+00
   4.0872E-11   3.9853E+02   4.0000E+02   6.7390E+04   5.4240E-03   5.2058E+00
   4.1101E-11   3.9853E+02   4.0000E+02   6.7390E+04   5.4245E-03   5.2063E+00
   4.1331E-11   3.9853E+02   4.0000E+02   6.7390E+04   5.4251E-03   5.2068E+00
   4.1562E-11   3.9853E+02   4.0000E+02   6.7390E+04   5.4256E-03   5.2073E+00
   4.1794E-11   3.9853E+02   4.0000E+02   6.7390E+04   5.4261E-03   5.2078E+00
   4.2027E-11   3.9853E+02   4.0000E+02   6.7390E+04   5.4266E-03   5.2083E+00
   4.2262E-11   3.9853E+02   4.0000E+02   6.7390E+04   5.4272E-03   5.2088E+00
   4.2498E-11   3.9853E+02   4.0000E+02   6.7390E+04   5.4277E-03   5.2093E+00
   4.2735E-11   3.9853E+02   4.0000E+02   6.7390E+04   5.4282E-03   5.2098E+00
   4.2973E-11   3.9853E+02   4.0000E+02   6.7390E+04   5.4288E-03   5.2103E+00
   4.3212E-11   3.9853E+02   4.0000E+02   6.7390E+04   5.4293E-03   5.2109E+00
   4.3452E-11   3.9853E+02   4.0000E+02   6.7390E+04   5.4299E-03   5.2114E+00
   4.3693E-11   3.9813E+02   4.0000E+02   6.7357E+04   5.4273E-03   5.2038E+00
   4.3935E-11   3.9813E+02   4.0000E+02   6.7357E+04   5.4279E-03   5.2043E+00
   4.4178E-11   3.9813E+02   4.0000E+02   6.7357E+04   5.4284E-03   5.2048E+00
   4.4422E-11   3.9813E+02   4.0000E+02   6.7357E+04   5.4290E-03   5.2053E+00
   4.4667E-11   3.9813E+02   4.0000E+02   6.7357E+04   5.4295E-03   5.2059E+00
   4.4913E-11   3.9813E+02   4.0000E+02   6.7357E+04   5.4301E-03   5.2064E+00
   4.5160E-11   3.9813E+02   4.0000E+02   6.7357E+04   5.4307E-03   5.2069E+00
   4.5408E-11   3.9813E+02   4.0000E+02   6.7357E+04   5.4312E-03   5.2075E+00
   4.5658E-11   3.9813E+02   4.0000E+02   6.7357E+04   5.4318E-03   5.2080E+00
   4.5909E-11   3.9813E+02   4.0000E+02   6.7357E+04   5.4324E-03   5.2086E+00
   4.6161E-11   3.9813E+02   4.0000E+02   6.7357E+04   5.4329E-03   5.2091E+00
   4.6414E-11   3.9813E+02   4.0000E+02   6.7357E+04   5.4335E-03   5.2097E+00
   4.6668E-11   3.9813E+02   4.0000E+02   6.7357E+04   5.4341E-03   5.2102E+00
   4.6923E-11   3.9813E+02   4.0000E+02   6.7357E+04   5.4347E-03   5.2108E+00
   4.7179E-11   3.9813E+02   4.0000E+02   6.7357E+04   5.4352E-03   5.2113E+00
   4.7436E-11   3.9773E+02   4.0000E+02   6.7324E+04   5.4328E-03   5.2037E+00
   4.7695E-11   3.9773E+02   4.0000E+02   6.7324E+04   5.4333E-03   5.2043E+00
   4.7955E-11   3.9773E+02   4.0000E+02   6.7324E+04   5.4339E-03   5.2049E+00
   4.8216E-11   3.9773E+02   4.0000E+02   6.7324E+04   5.4345E-03   5.2054E+00
   4.8478E-11   3.9773E+02   4.0000E+02   6.7324E+04   5.4351E-03   5.2060E+00
   4.8741E-11   3.9773E+02   4.0000E+02   6.7324E+04   5.4357E-03   5.2066E+00
   4.9006E-11   3.9773E+02   4.0000E+02   6.7324E+04   5.4363E-03   5.2071E+00
   4.9272E-11   3.9773E+02   4.0000E+02   6.7324E+04   5.4369E-03   5.2077E+00
   4.9539E-11   3.9773E+02   4.0000E+02   6.7324E+04   5.4375E-03   5.2083E+00
   4.9807E-11   3.9773E+02   4.0000E+02   6.7324E+04   5.4381E-03   5.2089E+00
   5.0076E-11   3.9773E+02   4.0000E+02   6.7324E+04   5.4387E-03   5.2095E+00
   5.0347E-11   3.9773E+02   4.0000E+02   6.7324E+04   5.4393E-03   5.2101E+00
   5.0619E-11   3.9773E+02   4.0000E+02   6.7324E+04   5.4400E-03   5.2106E+00
   5.0892E-11   3.9773E+02   4.0000E+02   6.7324E+04   5.4406E-03   5.2112E+00
   5.1166E-11   3.9733E+02   4.0000E+02   6.7290E+04   5.4381E-03   5.2037E+00
   5.1442E-11   3.9733E+02   4.0000E+02   6.7290E+04   5.4387E-03   5.2043E+00
   5.1719E-11   3.9733E+02   4.0000E+02   6.7290E+04   5.4394E-03   5.2049E+00
   5.1997E-11   3.9733E+02   4.0000E+02   6.7290E+04   5.4400E-03   5.2055E+00
   5.2276E-11   3.9733E+02   4.0000E+02   6.7290E+04   5.4406E-03   5.2061E+00
   5.2557E-11   3.9733E+02   4.0000E+02   6.7290E+04   5.4413E-03   5.2067E+00
   5.2839E-11   3.9733E+02   4.0000E+02   6.7290E+04   5.4419E-03   5.2073E+00
   5.3122E-11   3.9733E+02   4.0000E+02   6.7290E+04   5.4425E-03   5.2079E+00
   5.3407E-11   3.9733E+02   4.0000E+02   6.7290E+04   5.4432E-03   5.2085E+00
   5.3693E-11   3.9733E+02   4.0000E+02   6.7290E+04   5.4438E-03   5.2091E+00
   5.3980E-11   3.9733E+02   4.0000E+02   6.7290E+04   5.4445E-03   5.2098E+00
   5.4269E-11   3.9733E+02   4.0000E+02   6.7290E+04   5.4451E-03   5.2104E+00
   5.4559E-11   3.9733E+02   4.0000E+02   6.7290E+04   5.4458E-03   5.2110E+00
   5.4850E-11   3.9693E+02   4.0000E+02   6.7257E+04   5.4434E-03   5.2035E+00
   5.5143E-11   3.9693E+02   4.0000E+02   6.7257E+04   5.4440E-03   5.2041E+00
   5.5437E-11   3.9693E+02   4.0000E+02   6.7257E+04   5.4447E-03   5.2048E+00
   5.5732E-11   3.9693E+02   4.0000E+02   6.7257E+04   5.4454E-03   5.2054E+00
   5.6029E-11   3.9693E+02   4.0000E+02   6.7257E+04   5.4460E-03   5.2060E+00
   5.6327E-11   3.9693E+02   4.0000E+02   6.7257E+04   5.4467E-03   5.2067E+00
   5.6626E-11   3.9693E+02   4.0000E+02   6.7257E+04   5.4474E-03   5.2073E+00
   5.6927E-11   3.9693E+02   4.0000E+02   6.7257E+04   5.4481E-03   5.2080E+00
   5.7229E-11   3.9693E+02   4.0000E+02   6.7257E+04   5.4487E-03   5.2086E+00
   5.7533E-11   3.9693E+02   4.0000E+02   6.7257E+04   5.4494E-03   5.2093E+00
   5.7838E-11   3.9693E+02   4.0000E+02   6.7257E+04   5.4501E-03   5.2099E+00
   5.8144E-11   3.9693E+02   4.0000E+02   6.7257E+04   5.4508E-03   5.2106E+00
   5.8452E-11   3.9693E+02   4.0000E+02   6.7257E+04   5.4515E-03   5.2113E+00
   5.8761E-11   3.9654E+02   4.0000E+02   6.7224E+04   5.4491E-03   5.2038E+00
   5.9072E-11   3.9654E+02   4.0000E+02   6.7224E+04   5.4498E-03   5.2045E+00
   5.9384E-11   3.9654E+02   4.0000E+02   6.7224E+04   5.4505E-03   5.2051E+00
   5.9698E-11   3.9654E+02   4.0000E+02   6.7224E+04   5.4512E-03   5.2058E+00
   6.0013E-11   3.9654E+02   4.0000E+02   6.7224E+04   5.4519E-03   5.2065E+00
   6.0330E-11   3.9654E+02   4.0000E+02   6.7224E+04   5.4527E-03   5.2072E+00
   6.0648E-11   3.9654E+02   4.0000E+02   6.7224E+04   5.4534E-03   5.2079E+00
   6.0968E-11   3.9654E+02   4.0000E+02   6.7224E+04   5.4541E-03   5.2085E+00
   6.1289E-11   3.9654E+02   4.0000E+02   6.7224E+04   5.4548E-03   5.2092E+00
   6.1612E-11   3.9654E+02   4.0000E+02   6.7224E+04   5.4555E-03   5.2099E+00
   6.1936E-11   3.9654E+02   4.0000E+02   6.7224E+04   5.4563E-03   5.2106E+00
   6.2262E-11   3.9654E+02   4.0000E+02   6.7224E+04   5.4570E-03   5.2113E+00
   6.2589E-11   3.9614E+02   4.0000E+02   6.7191E+04   5.4547E-03   5.2039E+00
   6.2918E-11   3.9614E+02   4.0000E+02   6.7191E+04   5.4554E-03   5.2046E+00
   6.3248E-11   3.9614E+02   4.0000E+02   6.7191E+04   5.4561E-03   5.2053E+00
